13
12
12
10
14
17
2
4
19
17
12
14
4
2
18
7
4
9
16
2
3
16
16
19
4
11
4
19
3
10
0
18
11
16
10
5
11
12
10
16
3
10
15
16
9
7
2
3
3
16
17
10
7
13
15
18
12
5
5
10
8
16
11
3
4
16
1
4
12
15
8
6
5
11
16
15
9
14
19
13
8
12
13
9
12
4
15
12
8
2
16
13
3
12
11
17
8
2
18
18
9
2
17
7
8
11
3
18
4
6
18
16
15
6
1
13
17
9
12
8
16
12
10
6
11
8
1
4
1
19
9
17
14
15
13
4
0
11
7
0
11
2
17
2
14
2
11
7
7
11
14
13
0
12
0
0
9
6
17
13
11
6
10
1
18
3
13
14
6
4
5
18
9
16
14
5
10
6
18
12
4
16
5
0
3
7
4
17
10
15
8
18
2
18
2
19
11
10
14
1
5
18
14
11
2
1
18
10
9
0
5
5
18
12
10
17
18
13
12
15
6
19
2
11
13
12
11
16
19
10
1
11
3
12
4
15
12
13
14
13
19
10
6
9
9
14
10
5
17
5
14
6
17
7
12
17
4
6
3
6
0
10
10
13
4
2
12
11
8
16
12
1
17
14
2
16
3
17
17
10
7
11
10
3
8
13
10
17
14
15
16
9
16
13
5
13
8
6
1
5
8
18
6
1
6
15
9
13
4
18
8
9
3
1
18
18
5
12
5
9
17
7
4
6
17
2
8
11
4
12
11
0
6
15
3
17
12
0
8
2
17
7
7
6
3
4
18
7
10
15
8
14
3
9
14
2
8
13
10
9
10
17
16
10
19
6
5
4
5
5
5
18
8
13
7
16
19
0
9
0
13
15
0
17
5
12
12
4
13
12
18
9
16
1
2
10
11
6
15
13
15
2
13
12
18
15
2
2
6
16
8
1
19
8
10
15
4
11
11
12
15
13
1
8
18
19
13
2
2
14
19
16
3
16
11
19
1
9
4
9
6
10
18
15
11
11
9
7
2
2
5
2
11
10
3
14
9
12
19
9
17
15
1
14
12
11
15
13
0
6
4
11
13
17
8
19
0
8
15
10
10
9
19
2
19
12
17
3
13
13
19
17
2
15
11
9
13
17
5
5
16
13
10
13
7
11
12
19
15
8
18
13
4
12
6
8
6
8
12
0
0
7
0
12
18
6
17
14
11
9
7
0
16
1
5
14
5
3
1
0
4
14
17
10
19
6
12
15
10
3
5
4
7
13
10
4
13
11
18
2
17
1
11
17
7
16
2
0
13
16
16
17
18
7
14
3
1
17
5
11
10
9
10
16
11
7
3
11
14
14
18
13
11
4
15
9
19
1
6
7
6
17
1
2
0
11
10
15
6
0
19
17
19
13
15
10
9
6
19
4
2
3
8
10
3
10
1
3
10
10
9
0
14
18
6
16
18
8
9
7
8
11
0
13
8
7
17
19
7
11
19
14
10
19
6
3
1
12
5
10
5
17
2
4
19
14
18
12
12
19
5
6
16
11
7
3
2
17
2
9
7
18
1
6
18
15
2
19
0
7
8
10
3
2
11
18
16
4
13
7
9
7
19
6
19
17
19
7
17
15
4
15
8
8
14
1
16
15
4
18
6
4
15
16
1
2
12
8
5
10
10
6
5
2
18
0
11
14
14
19
9
5
15
17
5
2
9
7
1
18
3
3
2
9
6
15
8
8
4
10
1
10
16
2
13
12
19
0
1
0
19
0
19
11
6
3
18
5
12
1
5
8
0
11
10
13
18
5
16
10
14
18
13
6
19
8
0
0
0
10
12
0
12
0
2
6
4
17
12
17
15
18
19
13
8
12
13
4
4
1
0
9
1
6
17
3
19
1
19
6
18
0
18
6
3
19
10
12
14
17
6
16
0
6
19
19
17
11
1
10
15
19
3
0
15
9
2
3
13
10
13
10
12
17
8
17
15
2
1
15
10
18
15
0
6
19
2
16
11
3
5
3
18
19
3
5
19
3
15
9
0
19
2
13
2
8
18
3
3
0
13
0
16
7
17
5
0
3
17
10
12
18
5
14
1
16
3
7
4
11
16
5
4
8
19
2
3
0
0
1
11
14
15
4
3
18
3
0
4
13
2
10
15
14
16
9
12
6
11
15
17
16
0
15
1
11
0
4
17
2
12
19
19
18
11
9
15
11
7
8
11
3
19
15
11
14
0
3
1
16
6
19
7
10
16
2
1
15
13
10
3
1
9
2
2
14
3
18
3
6
